time:127.5, found target at(36.940238,27.821641)
time:145.0, found target at(26.836270,57.040249)
time:148.0, found target at(39.184547,63.350517)



















































































































































































































































































































































































































































































































