time:27.0, found target at(82.620402,26.260078)
time:145.5, found target at(25.128461,29.194749)
time:190.5, found target at(19.996723,73.709790)



















































































































































































































































































































































































































































































































