time:40.0, found target at(63.936756,86.636683)
time:43.5, found target at(61.303653,82.386449)
time:189.5, found target at(99.362744,26.442767)



















































































































































































































































































































































































































































































































