time:22.0, found target at(54.386504,71.358107)
time:104.0, found target at(32.515920,69.633736)
time:110.5, found target at(7.890902,34.429871)



















































































































































































































































































































































































































































































































