time:7.0, found target at(61.550892,56.136463)
time:48.5, found target at(48.594325,75.525161)
time:96.0, found target at(17.511776,41.333331)
time:153.5, found target at(64.871936,32.437266)



















































































































































































































































































































































































































































































































