time:48.0, found target at(80.396986,12.768086)
time:142.0, found target at(47.930964,26.387554)



















































































































































































































































































































































































































































































































