time:79.5, found target at(76.789236,84.156577)
time:126.0, found target at(20.519329,53.767808)



















































































































































































































































































































































































































































































































