time:11.5, found target at(51.262699,54.908914)
time:167.0, found target at(40.120335,80.601021)



















































































































































































































































































































































































































































































































