time:17.5, found target at(67.656331,66.322900)
time:21.0, found target at(58.200890,75.903563)
time:167.0, found target at(64.626400,12.909406)



















































































































































































































































































































































































































































































































