time:61.5, found target at(38.662348,75.355126)
time:103.0, found target at(100.679190,51.936380)
time:117.0, found target at(76.912754,20.919533)
time:167.0, found target at(31.788487,29.824620)



















































































































































































































































































































































































































































































































