time:4.0, found target at(52.127404,45.694148)
time:21.5, found target at(72.059290,70.439690)
time:126.0, found target at(26.580098,67.267446)
time:156.5, found target at(39.464066,89.794118)



















































































































































































































































































































































































































































































































