time:77.5, found target at(11.828969,38.536482)
time:84.5, found target at(11.083334,40.688669)
time:219.0, found target at(47.040043,63.700769)



















































































































































































































































































































































































































































































































