time:0.0, found target at(54.000000,48.000000)
time:19.0, found target at(69.366661,65.647807)
time:101.5, found target at(86.028068,47.210144)
time:195.0, found target at(26.068904,83.979352)



















































































































































































































































































































































































































































































































