time:10.5, found target at(39.320001,42.400343)
time:44.0, found target at(81.732950,95.528729)



















































































































































































































































































































































































































































































































