time:53.0, found target at(66.704599,7.593590)
time:81.5, found target at(20.051944,60.838873)
time:152.0, found target at(40.979631,21.594766)



















































































































































































































































































































































































































































































































