time:15.5, found target at(71.220186,51.164648)
time:87.5, found target at(16.756419,83.005968)



















































































































































































































































































































































































































































































































