time:21.5, found target at(26.361454,25.745802)
time:31.5, found target at(88.690045,27.953633)
time:45.5, found target at(82.810177,102.780868)
time:171.5, found target at(27.514194,86.853538)



















































































































































































































































































































































































































































































































