time:27.0, found target at(78.357748,69.252504)
time:57.5, found target at(76.148324,101.127204)
time:121.0, found target at(42.723350,57.423400)
time:155.0, found target at(56.507795,76.250570)



















































































































































































































































































































































































































































































































