time:6.5, found target at(63.012977,59.039399)
time:17.5, found target at(73.878295,67.101200)
time:38.5, found target at(87.361956,84.465795)



















































































































































































































































































































































































































































































































